171348230
83233633
103531629
2239102583
446363041
140231272
821592045
13734215
91927017
418681032
106626999
975719970
150781137
25238894
71933283

-- Testers
93689929
2046829918
43145970
317980969
517605878
2316384384
218879840
1214854297
67256724
302371252
778704486
1068475928
241857255
1489264115
1384649517
536928039
422614124
48787363
1711797594
63353070
114340469
53696449
475396046
78890118
457829033
68729308
457829033
43110429
300869616
28184712
746687110
886712673
1765722053
248383825
32562708
44173312
700860536
634628169
581498254
120713738
678262620
58641144
44648034
95013286
78189204
574743700
400003620
308329140
148353894
466096664
170177014
571739716
1822058716
913005786
85776950
1347990698
51143117
1582952867
45866635
205727202
123522277
1545653217
1566341791
69924376
1964247375
90652102
44511579
27642361
95280565
45730407
63460133
31800946
616472646
82442242
334354675
158726989
1378718570
183253613
78033656
192863741
