-- Last Updated 2021-03-07
-- Note: Most Moderators were taken from Spencer#0003
225179429
500009807
455293249
109105759
349854657
76999375
154876159
1114937945
151751026
13444058
62240513
163733925
90258662
440458342
1033291447
93988508
1479040953
2289194298
357870914
101291900
167655046
35311411
50879012
2296011421
461121215
7858636
116636303
72480719
448343431
1058240421
1390415574
269112100
1099119770
12671
358748060
173116569
38559058
4402987
68210875
1379309318
57436909
309775741
24156180
373676463
161949719
1584345084
111051084
154847513
810458354
66489540
60673083
51696441
371108489
271388254
454205259
102706901
59341698
575623917
1033291716
